professor_name,neg,neu,pos,compound,judge
Leslie  Looney,0.057,0.629,0.314,0.9998,positive
Jans  Wager,0.038,0.655,0.307,0.9999,positive
Robert  Warden,0.105,0.728,0.167,0.9566,positive
Bryan  Eldredge,0.046,0.703,0.251,0.9994,positive
William  Hollinrake,0.129,0.786,0.085,-0.9936,negative
Lauren  Baumbach,0.152,0.702,0.145,-0.5211,negative
Beverly  Faunce,0.071,0.791,0.138,0.9027,positive
Deborah  Pluss,0.04,0.696,0.264,0.9996,positive
Lauren  Bold,0.0,0.642,0.358,0.9053,positive
Mary  Richardson,0.09,0.681,0.228,0.998,positive
Tracey  Francese,0.052,0.853,0.095,0.9733,positive
Candice  White,0.08,0.676,0.244,0.9996,positive
Pat  Ledbetter,0.051,0.77,0.179,0.9994,positive
Juanita  Campos,0.061,0.732,0.207,0.9995,positive
Ann  Lewald,0.1,0.634,0.266,0.9991,positive
Hon  Linda,0.023,0.641,0.336,0.9931,positive
Ruben  Mouhiddan,0.069,0.737,0.193,0.9655,positive
Margaret  Mitchell,0.031,0.615,0.354,0.9987,positive
Diane  Reid,0.035,0.671,0.294,0.9998,positive
John  Cunningham,0.082,0.716,0.202,0.9984,positive
Wolfgang  Ziller,0.024,0.681,0.295,0.9523,positive
Clark,0.121,0.772,0.106,-0.8413,negative
Sally  Mallory,0.123,0.784,0.093,-0.4517,nuetral
Deirdre  O\' Shea,0.059,0.706,0.235,0.9998,positive
Robin  Hochstrasser,0.163,0.701,0.136,0.0041,nuetral
Rich  Carter,0.075,0.75,0.175,0.9986,positive
Mara  Merlino,0.225,0.694,0.081,-0.9321,negative
Michael  Scarlatos,0.182,0.706,0.112,-0.9925,negative
Tina  Keeble,0.111,0.695,0.195,0.9368,positive
Eleanor  Branch,0.031,0.808,0.16,0.9969,positive
Virgina  Rivers,0.016,0.793,0.191,0.9896,positive
Mulloy  Robertson,0.12,0.778,0.103,-0.7995,negative
Dana  Baylard,0.025,0.706,0.27,0.9993,positive
Mima  Petrovic,0.058,0.75,0.192,0.9989,positive
Joan  Krone,0.089,0.817,0.094,0.6063,positive
Nancy  Jones,0.057,0.788,0.155,0.9919,positive
Jim  Pletcher,0.119,0.665,0.216,0.9957,positive
Anita  Hampton,0.091,0.776,0.132,0.9684,positive
Panos  Alexakos,0.084,0.756,0.16,0.9987,positive
Jeffrey  Kent,0.026,0.728,0.246,0.9998,positive
Bill  Sanders,0.138,0.738,0.124,-0.8369,negative
Angelica  Vessella,0.029,0.688,0.282,0.9997,positive
Ian  Gellatly,0.102,0.736,0.162,0.9963,positive
Karen  Carr,0.092,0.767,0.141,0.9966,positive
Wayne Charles  Hippo,0.048,0.737,0.215,0.9491,positive
Sue  Davis,0.053,0.713,0.234,0.9988,positive
Melody  Ward,0.041,0.708,0.251,0.9839,positive
Sharon  Teague,0.121,0.767,0.112,-0.6189,negative
Carol  McClure,0.084,0.765,0.151,0.9966,positive
Vincent  Sherry,0.038,0.729,0.233,0.8271,positive
Charles  Cherry,0.059,0.749,0.192,0.9953,positive
Ionna  Ghenciu,0.109,0.712,0.179,0.8687,positive
Joann  Hilton,0.024,0.64,0.336,0.9973,positive
Paul  Grobstein,0.04,0.699,0.261,0.9988,positive
Penny  Foster,0.07,0.752,0.178,0.9982,positive
Dennis  Crockett,0.038,0.651,0.311,0.9986,positive
Thomas  Boyle,0.06,0.715,0.225,0.9992,positive
Kurt  Panter,0.093,0.733,0.174,0.9943,positive
Itzhak  Kerstein,0.055,0.725,0.219,0.9975,positive
Alvin  Snadowsky,0.028,0.7,0.272,0.9995,positive
Ian  McMahan,0.113,0.726,0.161,0.9936,positive
Charles  Green,0.108,0.751,0.141,0.9927,positive
Matthew  Erdelyi,0.1,0.822,0.077,-0.9784,negative
Harihar  Khanal,0.054,0.741,0.205,0.9995,positive
Robert  Brannon,0.049,0.676,0.275,0.9998,positive
Robert  Lecker,0.124,0.705,0.171,0.9943,positive
Weinberger,0.066,0.66,0.274,0.9994,positive
Daniel  Kurylo,0.1,0.697,0.203,0.9993,positive
Andrew  Delamater,0.14,0.704,0.156,0.9739,positive
Israel  Abramov,0.155,0.697,0.147,0.7707,positive
John  MacKo,0.071,0.77,0.159,0.9408,positive
Aaron  Kozbelt,0.066,0.703,0.231,0.9996,positive
Dorathea  Halpert,0.172,0.695,0.133,-0.9894,negative
Phillip  Anz-Meador,0.092,0.693,0.215,0.9978,positive
Thomas  Pynadath,0.126,0.729,0.145,0.8261,positive
Solomon  Eisenberg,0.172,0.748,0.081,-0.8783,negative
Kenneth  Loparo,0.049,0.666,0.285,0.9989,positive
Thomas  Hirschl,0.136,0.699,0.164,0.9902,positive
Michael  Scanlin,0.026,0.603,0.37,0.9997,positive
Peter  Jurs,0.108,0.707,0.185,0.9933,positive
Ryan  Stark,0.036,0.607,0.357,0.9998,positive
Ashraf  Shirani,0.102,0.739,0.158,0.9972,positive
Martha  Browne,0.15,0.758,0.092,-0.9961,negative
Jean  Craig-Teerlink,0.16,0.66,0.18,0.9404,positive
Donna  Chambers,0.024,0.664,0.311,0.9996,positive
Kathy  Brooks,0.0,0.485,0.515,0.8169,positive
Tom  Johnson,0.124,0.768,0.108,-0.8894,negative
John  Moliassa,0.071,0.697,0.232,0.9997,positive
Roger  Strong,0.082,0.735,0.184,0.9994,positive
Carl  Pratt,0.045,0.681,0.274,0.994,positive
Mary  Winn,0.093,0.735,0.172,0.9983,positive
Deidre  Condit,0.075,0.683,0.242,0.9997,positive
Marlos  Scrimger,0.068,0.681,0.251,0.9991,positive
Thomas  Cooke,0.087,0.761,0.153,0.9965,positive
Lashun  Griffin,0.124,0.722,0.153,0.994,positive
Ellis  Jones,0.088,0.693,0.219,0.9983,positive
Peter  Kuhlman,0.03,0.69,0.28,0.9997,positive
Vike,0.03,0.66,0.31,0.9784,positive
Desmond  Hamlet,0.112,0.748,0.14,0.9657,positive
Eric  Winters,0.064,0.668,0.268,0.9948,positive
Orlando  Pascoa,0.023,0.592,0.385,0.9751,positive
Melissa  Knous,0.069,0.667,0.265,0.9978,positive
Kathryn  Denning,0.021,0.642,0.337,0.9999,positive
Darcy  Irvin,0.065,0.698,0.237,0.9987,positive
Paul  Bender,0.051,0.671,0.278,0.9992,positive
Burlon  Wilkerson,0.078,0.789,0.133,0.9938,positive
Carol  Bennet,0.03,0.722,0.248,0.9942,positive
Kristen  Asplin,0.047,0.661,0.292,0.9998,positive
Kate  Greene,0.065,0.742,0.194,0.9993,positive
Carey  Hissey,0.035,0.79,0.175,0.9942,positive
David  Pearson,0.142,0.789,0.069,-0.6522,negative
Chris  Ramsey,0.042,0.729,0.229,0.996,positive
David  Rayson,0.048,0.704,0.248,0.9997,positive
Arthur  Kroker,0.041,0.684,0.276,0.9981,positive
Ted  Tarkow,0.033,0.703,0.263,0.9991,positive
Max  Smith,0.151,0.769,0.08,-0.9972,negative
Jeff  Price,0.132,0.733,0.135,0.7554,positive
Lowell  Taylor,0.079,0.687,0.234,0.9473,positive
James  Davig,0.109,0.789,0.103,0.7022,positive
Brenda  Nordenstam,0.157,0.843,0.0,-0.8326,negative
Colin  Jerolmack,0.025,0.629,0.345,0.9994,positive
Ian  Wojcik-Andrews,0.045,0.719,0.236,0.9997,positive
Daniel  Laskarin,0.083,0.675,0.241,0.9992,positive
Amin  Ibrahim,0.058,0.696,0.247,0.9994,positive
Lynne  Schubert,0.13,0.788,0.083,-0.9892,negative
Christopher  Bracken,0.081,0.734,0.185,0.9993,positive
Kim  Finn,0.123,0.618,0.259,0.9984,positive
Rose  Vydelingum,0.163,0.756,0.081,-0.9679,negative
Robert  Christie,0.143,0.673,0.184,0.995,positive
Kenneth  Riegle,0.061,0.835,0.105,0.9889,positive
Anthony  Zoccolilo,0.058,0.675,0.267,0.9991,positive
George  Curry,0.063,0.676,0.261,0.9829,positive
Scott  Bergeson,0.05,0.738,0.212,0.9996,positive
Guy  King,0.046,0.766,0.187,0.9991,positive
Debra  Clarke,0.059,0.667,0.274,0.9968,positive
Leah  Kaser,0.07,0.515,0.415,0.9927,positive
Irv  Englander,0.077,0.78,0.143,0.997,positive
Husam  Quereshi,0.052,0.666,0.282,0.9997,positive
Burkard  Eberlein,0.041,0.7,0.259,0.997,positive
Ananya  Mukherjee Reed,0.087,0.764,0.149,0.9885,positive
Mason  Dykstra,0.246,0.52,0.234,-0.1493,nuetral
Mustafa  Karakul,0.055,0.723,0.222,0.9991,positive
Hassan  Qudrat-Ullah,0.093,0.687,0.219,0.999,positive
Lorra  Weatherspoon,0.0,0.633,0.367,0.8265,positive
Danilo  Fernando,0.057,0.786,0.157,0.9872,positive
Todd  Comer,0.276,0.623,0.101,-0.8394,negative
Martha  McCluskey,0.1,0.734,0.166,0.9852,positive
Jon  Vredevoogd,0.082,0.726,0.192,0.9885,positive
William  Addeo,0.143,0.784,0.073,-0.953,negative
Robert  Bender,0.068,0.648,0.284,0.9998,positive
Kathleen  Sinning,0.077,0.774,0.149,0.9973,positive
Robert  Dinero,0.141,0.677,0.181,0.9469,positive
Carole  Waterhouse,0.037,0.68,0.283,0.9997,positive
Joan  Lobo,0.126,0.709,0.165,0.9905,positive
Frank  Giarratani,0.062,0.727,0.211,0.9995,positive
Darlene  Schoenly,0.013,0.735,0.253,0.9982,positive
George  Williams,0.065,0.807,0.128,0.8725,positive
Kathleen  Ochshorn,0.065,0.673,0.262,0.9996,positive
Margaret  Sweet,0.167,0.697,0.137,-0.9791,negative
Greta  Vollmer,0.098,0.677,0.225,0.9985,positive
Mark  Liff,0.101,0.644,0.255,0.9993,positive
Lynn  Curtright,0.089,0.723,0.188,0.9991,positive
Rex  Abert,0.115,0.739,0.147,0.9937,positive
Liz  Dameron,0.042,0.732,0.226,0.9997,positive
Matthew  Unger,0.067,0.71,0.223,0.9996,positive
Andrea  Neves,0.156,0.718,0.126,-0.9009,negative
Manuel  Daniels,0.076,0.715,0.209,0.9995,positive
Jennifer  Jossendal,0.109,0.771,0.12,0.949,positive
Griswold,0.074,0.81,0.116,0.9689,positive
Laurie  Folgate,0.301,0.411,0.288,-0.0258,nuetral
John  Bland,0.091,0.69,0.219,0.8074,positive
Morna  Livingston,0.133,0.692,0.175,0.9938,positive
Steve  Grout,0.062,0.664,0.273,0.9994,positive
Robert  Coleman-Senghor,0.116,0.727,0.157,0.9955,positive
John  Burk,0.033,0.694,0.273,0.9997,positive
Norma  Thompson,0.0,0.778,0.222,0.9843,positive
Patrick  Hersey,0.067,0.649,0.284,0.982,positive
Gabrielle  Michaelis,0.046,0.727,0.228,0.9989,positive
Carol  Solon,0.074,0.771,0.156,0.9441,positive
Pantaleon  Pangelinan Jr,0.06,0.77,0.17,0.9721,positive
Tim  Wandling,0.068,0.701,0.231,0.9996,positive
Sparkle  Raymond,0.023,0.523,0.454,0.9924,positive
Fred  Stewart,0.051,0.692,0.257,0.9997,positive
David  Gallaher,0.143,0.689,0.168,0.9888,positive
Roberta  Nye,0.114,0.597,0.289,0.9839,positive
Kenny  Peters,0.126,0.707,0.167,0.9877,positive
Jj  Wilson,0.041,0.69,0.268,0.9956,positive
Laura  Colbert,0.084,0.72,0.196,0.9991,positive
Paul  Nacozy,0.166,0.769,0.066,-0.9982,negative
Vic  Timmer,0.047,0.789,0.163,0.9677,positive
John  Curran,0.078,0.627,0.295,0.9957,positive
Craig  Stettner,0.055,0.654,0.291,0.9999,positive
Todd  Ballantyne,0.069,0.669,0.262,0.9998,positive
Linda  Burns,0.149,0.738,0.113,-0.903,negative
Richard  Wilkins,0.038,0.811,0.15,0.9825,positive
Tressa  Crehan,0.068,0.627,0.305,0.9899,positive
Richard  Burns,0.041,0.695,0.264,0.9993,positive
Jeffrey  Sawyer,0.055,0.726,0.219,0.9987,positive
Rhoda  Jost,0.103,0.816,0.081,-0.9611,negative
Brandie  Siegfried,0.033,0.752,0.216,0.9998,positive
Klaas  Kraay,0.06,0.711,0.229,0.9997,positive
Shahinda  Hafeez,0.072,0.784,0.145,0.9984,positive
Camilla  Griggers,0.0,0.848,0.152,0.9052,positive
Larry  Hardy,0.094,0.738,0.168,0.9986,positive
Beth  Hilburn,0.049,0.691,0.26,0.9993,positive
Brian  George,0.049,0.756,0.195,0.9977,positive
Philip  Burge,0.046,0.746,0.208,0.9996,positive
Jeffrey  Nielsen,0.049,0.627,0.324,0.9984,positive
Richard  Fallon,0.06,0.728,0.212,0.9911,positive
Donna  Woolard,0.069,0.736,0.195,0.9977,positive
Phil  Matheson,0.057,0.723,0.22,0.9995,positive
Susan  Murray,0.072,0.714,0.214,0.9969,positive
Barbara  Von Barghahn-Calvetti,0.053,0.683,0.264,0.9998,positive
Joseph  Fruscione,0.107,0.692,0.201,0.9983,positive
Linda  Shelton,0.038,0.687,0.274,0.9999,positive
Aurora  Wallace,0.086,0.678,0.236,0.9993,positive
Ted  Magder,0.046,0.704,0.25,0.9997,positive
Darren  Hynes,0.101,0.73,0.17,0.9983,positive
Rachelle  Sussman,0.025,0.744,0.231,0.9978,positive
Dion  Wiseman,0.037,0.752,0.211,0.9992,positive
Sue  Collins,0.075,0.702,0.222,0.9991,positive
Catherine  Chen,0.04,0.708,0.252,0.9998,positive
Terry  Moran,0.152,0.704,0.144,-0.9374,negative
William  Stoever,0.085,0.668,0.247,0.9996,positive
Paul  Sparks,0.077,0.761,0.162,0.9952,positive
Jon  Brotherton,0.1,0.686,0.214,0.8876,positive
Clyde  Matthews,0.066,0.775,0.159,0.9918,positive
Rogers,0.063,0.77,0.167,0.999,positive
Therese  Saliba,0.083,0.732,0.185,0.9978,positive
Eva  Sadowski,0.152,0.747,0.101,-0.4404,nuetral
David  Keswick,0.0,0.817,0.183,0.7717,positive
Hwan  Kim,0.02,0.884,0.095,0.8825,positive
Sam  Roweis,0.104,0.565,0.331,0.8973,positive
Robert  Burton,0.096,0.738,0.165,0.9979,positive
Patricia  Mancini,0.087,0.665,0.249,0.9988,positive
Christopher  Zepeda,0.524,0.476,0.0,-0.296,nuetral
Karlene  Ferrante,0.067,0.717,0.216,0.9995,positive
Elizabeth  Spievak,0.088,0.724,0.189,0.9993,positive
William  Goldstein,0.093,0.649,0.258,0.9878,positive
John  Everitt,0.131,0.709,0.16,0.9699,positive
C  Wolfe,0.097,0.808,0.095,0.8548,positive
Jessica  Hartos,0.135,0.648,0.217,0.9933,positive
Todd  Feil,0.08,0.672,0.248,0.9929,positive
Matthew  Neal,0.106,0.635,0.258,0.9992,positive
Larice  Brown,0.044,0.666,0.29,0.9935,positive
John  Gallaher,0.041,0.636,0.323,0.9998,positive
Anthony  Stewart,0.129,0.615,0.256,0.9992,positive
Derek  Eberts,0.138,0.735,0.127,-0.7019,negative
Ron  Cameron,0.046,0.682,0.272,0.9996,positive
Rachel  Hall,0.085,0.712,0.203,0.999,positive
Lorelle  Semley,0.184,0.639,0.176,0.3196,nuetral
Theodore  Zeman,0.067,0.767,0.166,0.999,positive
Jennifer  Austin,0.051,0.645,0.304,0.9996,positive
Julie  Giles,0.035,0.842,0.123,0.9563,positive
Tom  Sill,0.08,0.777,0.143,0.9163,positive
Craig  Estep,0.046,0.63,0.324,0.998,positive
Roderick  McGinn,0.171,0.703,0.126,-0.9719,negative
Klara  Gubacs-Collins,0.055,0.677,0.268,0.9995,positive
Tomoko  Deguchi,0.078,0.684,0.237,0.9987,positive
Anita  Girton,0.105,0.752,0.143,0.9912,positive
Kelly  Kadera,0.095,0.734,0.172,0.9978,positive
Gordon  McNorton,0.07,0.61,0.32,0.992,positive
Elizabeth  Allen,0.104,0.73,0.166,0.9938,positive
Jim  Cantrell,0.02,0.779,0.201,0.93,positive
Brian  Mullinix,0.097,0.818,0.085,-0.2023,nuetral
Dennis  McAuliffe,0.148,0.741,0.11,-0.9817,negative
HENGAMEH  Hosseini,0.095,0.627,0.277,0.9995,positive
"Fuller,",0.038,0.854,0.108,0.6815,positive
Katherine  Jones,0.074,0.73,0.196,0.9978,positive
Christina  Zahajko,0.084,0.778,0.138,0.997,positive
Ying  Wang,0.021,0.678,0.301,0.9997,positive
Alan  Bell,0.101,0.717,0.183,0.9995,positive
Daniel  Vona,0.153,0.735,0.112,-0.9915,negative
Robert  Panzarella,0.141,0.712,0.147,0.977,positive
Denis  Janz,0.075,0.698,0.227,0.9993,positive
Stuart  Lynn,0.037,0.743,0.22,0.9926,positive
Bob  Nelson,0.143,0.694,0.164,0.9642,positive
Steven  Schlossman,0.0,0.693,0.307,0.9877,positive
Thompson- Brieg,0.083,0.761,0.156,0.9947,positive
Albert  Pyzik,0.166,0.72,0.114,-0.9693,negative
Ken  Moynihan,0.093,0.7,0.207,0.9952,positive
Ellen  Knapp,0.144,0.689,0.167,0.9334,positive
Darel  Swenson,0.15,0.696,0.155,-0.3094,nuetral
John  Weigand,0.084,0.686,0.23,0.9941,positive
Arthur  Tyson,0.108,0.756,0.136,0.931,positive
David  Duhon,0.042,0.774,0.184,0.9887,positive
Ray  Bowling,0.014,0.678,0.308,0.9986,positive
Ken  Milner,0.043,0.761,0.196,0.9994,positive
John  Nelson,0.047,0.683,0.27,0.9997,positive
Paulette  Swartzfager,0.018,0.679,0.303,0.9997,positive
Marybeth  Redmond,0.111,0.682,0.207,0.9611,positive
Douglas  Johansen,0.109,0.734,0.157,0.9805,positive
Patricia  Cassin,0.125,0.712,0.163,0.9743,positive
Margo  Regan,0.059,0.792,0.149,0.9305,positive
Harry  Meshaw,0.07,0.808,0.123,0.981,positive
Dean  Karras,0.108,0.745,0.147,0.9911,positive
Arthur  Rowe,0.115,0.678,0.207,0.8493,positive
Robert  Ware,0.152,0.752,0.096,-0.9923,negative
Anne  Wall,0.049,0.707,0.244,0.9997,positive
Monica  Rodriguez,0.084,0.681,0.235,0.9992,positive
Frank  Thomas,0.074,0.767,0.159,0.4926,nuetral
Simon  Koumjian,0.064,0.756,0.18,0.9862,positive
Ellie  Ragland,0.107,0.744,0.15,0.9741,positive
Vincent  Ferraro,0.044,0.681,0.274,0.9997,positive
Christa  Downer,0.0,0.753,0.247,0.9803,positive
Tina  Laplaca,0.023,0.719,0.259,0.9991,positive
Laura  Shrum,0.076,0.749,0.176,0.9345,positive
Edith  Hays,0.092,0.73,0.178,0.9991,positive
Cynthia  Maguire,0.079,0.751,0.17,0.9986,positive
Julia  Scott,0.063,0.683,0.254,0.9995,positive
Alan  Cavaiola,0.052,0.693,0.256,0.999,positive
Chris  Husbands,0.049,0.7,0.251,0.9983,positive
Desmond  Harding,0.07,0.69,0.24,0.9997,positive
Ed  Giardina,0.053,0.658,0.289,0.9992,positive
Jim  Slowiak,0.073,0.748,0.179,0.997,positive
Lynn  Mattie,0.053,0.734,0.213,0.9978,positive
Therese  Lueck,0.105,0.722,0.172,0.9971,positive
Annie  Gilson,0.028,0.69,0.282,0.9999,positive
Alexander  McClung,0.072,0.613,0.315,0.9976,positive
Marilyn  Rose,0.102,0.646,0.252,0.9945,positive
Kay  Bishop,0.136,0.708,0.157,0.2541,nuetral
James  Allard,0.053,0.686,0.261,0.9998,positive
Angela  Mills,0.009,0.633,0.358,0.9981,positive
Frank  Mitchell,0.058,0.691,0.251,0.9997,positive
Erik  Carver,0.101,0.726,0.173,0.5971,positive
Anne  MacDonald,0.025,0.723,0.252,0.9787,positive
Michael  Kwag,0.107,0.723,0.17,0.9978,positive
Bro. Joe  Burke,0.025,0.662,0.313,0.9991,positive
Roger  Holguin,0.062,0.773,0.165,0.9983,positive
Jessie  Yearwood,0.086,0.785,0.13,0.9939,positive
Karen  Cardozo-Kane,0.057,0.687,0.256,0.989,positive
Dan  Lair,0.04,0.69,0.27,0.987,positive
Beth  Fratkin,0.042,0.711,0.247,0.9868,positive
Baron  Stewart,0.0,0.571,0.429,0.8682,positive
Erin  Finn,0.053,0.658,0.289,0.9991,positive
Jim  Uyekawa,0.087,0.72,0.194,0.9988,positive
John  Enomoto,0.066,0.732,0.202,0.9994,positive
Xiaoping  Teng,0.04,0.697,0.263,0.9891,positive
Alison  Hodges,0.02,0.6,0.38,0.9902,positive
Rick  Bradbury,0.082,0.663,0.255,0.8737,positive
Bill  Hodges,0.05,0.688,0.262,0.9959,positive
Chris  Miller,0.041,0.626,0.333,0.9989,positive
Larry  Goff,0.083,0.717,0.2,0.9914,positive
Paul  Velleman,0.059,0.736,0.205,0.9994,positive
Lawrence  Kahn,0.121,0.716,0.163,0.9087,positive
Gene  Pouncy,0.098,0.756,0.146,0.9955,positive
Jerry  Jones,0.057,0.793,0.149,0.9964,positive
John  Corvino,0.099,0.686,0.215,0.9992,positive
Rebecca  Laidlaw,0.069,0.666,0.265,0.9998,positive
Eugene A.  Berg,0.064,0.706,0.23,0.9994,positive
Daniel  Knudsen,0.07,0.703,0.227,0.9945,positive
R.  Talavera,0.106,0.675,0.22,0.9128,positive
Fred  Ream,0.07,0.692,0.238,0.9996,positive
Ewa  Duma,0.045,0.694,0.26,0.9997,positive
Olga  Piedrahita,0.065,0.654,0.281,0.9933,positive
Wayne  Grossman,0.1,0.746,0.154,0.9942,positive
Sheryl  Gifford,0.071,0.705,0.223,0.9994,positive
William  Brooks,0.052,0.737,0.211,0.9996,positive
Gamble,0.034,0.657,0.309,0.9997,positive
Meghan  Murphy-Lee,0.066,0.644,0.29,0.9998,positive
Jan  Tarski,0.103,0.74,0.157,0.9976,positive
Seth  Ovadia,0.075,0.691,0.234,0.9994,positive
Mark  Sirkin,0.107,0.714,0.179,0.9979,positive
Annis  Golden,0.074,0.717,0.209,0.9986,positive
Liz  Stanley,0.08,0.758,0.162,0.4871,nuetral
David  Breiner,0.081,0.639,0.28,0.9988,positive
Michael  Milburn,0.072,0.782,0.146,0.9984,positive
Steven  Schneider,0.038,0.776,0.185,0.997,positive
Anton  Armstrong,0.032,0.677,0.291,0.9992,positive
Sherry  Rising,0.003,0.665,0.332,0.9996,positive
Yasmin  Villvendas,0.061,0.605,0.335,0.9998,positive
Tersh  Palmer,0.08,0.849,0.071,-0.1007,nuetral
Carol  Topping,0.029,0.663,0.308,0.9997,positive
Roberto  Calderon,0.075,0.768,0.158,0.9981,positive
Bob  Betts,0.078,0.68,0.242,0.9996,positive
Denine  Dumschat,0.03,0.649,0.321,0.995,positive
Joe  Reilly,0.093,0.781,0.127,0.5106,positive
Tanya  Cassidy,0.075,0.649,0.276,0.9992,positive
Valerie  Martin,0.064,0.703,0.233,0.9928,positive
Mark  Damen,0.049,0.659,0.293,0.9999,positive
Dr.  Shingle,0.055,0.688,0.258,0.9987,positive
Thomas  Rooney,0.029,0.699,0.272,0.9549,positive
Lilli  Downes,0.07,0.66,0.271,0.9992,positive
Robert  Karpinski,0.029,0.701,0.27,0.9998,positive
B  Trentham,0.023,0.708,0.268,0.9995,positive
B  Hester,0.13,0.687,0.183,0.9434,positive
Vignault  Luc,0.078,0.816,0.106,0.2003,nuetral
G  Cutler,0.045,0.749,0.205,0.9975,positive
Raymond  Ercoli,0.006,0.591,0.402,0.999,positive
D  Estes,0.069,0.807,0.124,0.9318,positive
Odette  Bruneau,0.0,0.633,0.367,0.999,positive
Dennis  Dipert,0.046,0.804,0.15,0.9942,positive
John  Janicek,0.0,0.754,0.246,0.9631,positive
Chantal  Maille,0.106,0.736,0.158,0.9943,positive
C  Jackson,0.118,0.783,0.099,-0.2288,nuetral
J  Allen,0.064,0.786,0.15,0.9965,positive
M  Blevins,0.0,1.0,0.0,0.0,nuetral
H  Henson,0.016,0.7,0.284,0.974,positive
Casim  Abbas,0.096,0.655,0.248,0.9982,positive
Ronald  Coleman,0.039,0.742,0.219,0.9984,positive
J  Harrison,0.053,0.848,0.099,0.4701,nuetral
P  Bode,0.0,0.78,0.22,0.9856,positive
Susan  Mulcahy,0.098,0.743,0.16,0.9971,positive
C  Hampton,0.107,0.707,0.186,0.9983,positive
Anthony  Roda,0.119,0.744,0.138,0.9635,positive
McVey,0.122,0.758,0.12,0.9112,positive
J  Harville,0.026,0.733,0.241,0.9976,positive
H  Lawson,0.083,0.761,0.156,0.9914,positive
C  Conrad,0.097,0.791,0.112,0.9526,positive
Kathy  Johnson,0.105,0.664,0.231,0.9996,positive
Rita  Sowell,0.05,0.727,0.223,0.9996,positive
Bruce  Arrigo,0.083,0.754,0.163,0.9965,positive
W  Hagewood,0.02,0.73,0.249,0.9699,positive
S  Fenton,0.08,0.713,0.207,0.9994,positive
M  Morrison,0.0,0.717,0.283,0.7579,positive
Muldrow  Kyle,0.037,0.701,0.262,0.9923,positive
K  Jones,0.055,0.744,0.201,0.9955,positive
Sidney E.  Hardyway,0.081,0.801,0.118,0.9954,positive
P  Lawson,0.076,0.791,0.133,0.9942,positive
Charisse  Coston,0.052,0.707,0.241,0.9987,positive
F  Goosetree,0.0,0.773,0.227,0.9622,positive
P  Hinkle,0.0,0.7,0.3,0.9567,positive
Vanessa  Mitchell,0.036,0.752,0.212,0.999,positive
J  Burton,0.062,0.734,0.203,0.949,positive
R  Dauer,0.055,0.608,0.337,0.9755,positive
Kathleen  Cummins,0.02,0.753,0.226,0.9708,positive
Martha  Malaty,0.111,0.774,0.114,0.8778,positive
Ramin  Zabih,0.093,0.715,0.192,0.9975,positive
Bonnie  Bedford,0.05,0.688,0.262,0.9927,positive
David  Martin,0.07,0.74,0.19,0.9992,positive
Nicolas  Robidoux,0.084,0.765,0.152,0.9893,positive
Randall  Warwick,0.015,0.751,0.234,0.9997,positive
Jessica  Wyman,0.096,0.708,0.196,0.9962,positive
Roy  Nutter,0.074,0.83,0.096,0.9546,positive
Jay  Dull,0.0,0.484,0.516,0.4939,nuetral
Jeff  Kurtz,0.049,0.662,0.29,0.9994,positive
Tim  Gongaware,0.076,0.703,0.221,0.9996,positive
Theodore  Evergates,0.037,0.674,0.289,0.9979,positive
Mitchell  Snay,0.038,0.645,0.318,0.9995,positive
Raymond  Wise,0.044,0.603,0.353,0.9974,positive
Julia  Jasken,0.044,0.629,0.328,0.9991,positive
Elizabeth  Van Den Berg,0.067,0.673,0.26,0.9995,positive
Wendy  Walters,0.094,0.685,0.22,0.9963,positive
Deb  Coolidge,0.077,0.726,0.197,0.9992,positive
Pamela  Jackson,0.123,0.704,0.173,0.9959,positive
Michael  McGee,0.051,0.702,0.247,0.9996,positive
Tony  Caporale,0.108,0.736,0.156,0.9952,positive
Peter  Pezzolo,0.086,0.683,0.231,0.9995,positive
Bob  Filson,0.036,0.653,0.311,0.9999,positive
Joyce  Hammer,0.084,0.559,0.357,0.9822,positive
Bob  Teti,0.046,0.721,0.233,0.9996,positive
Shelia  Most,0.068,0.757,0.175,0.9987,positive
Pam  Pruett,0.105,0.678,0.217,0.9901,positive
Duane  Stock,0.033,0.879,0.088,0.5076,positive
Rachel  Edelson,0.022,0.812,0.166,0.9992,positive
T  Farris,0.027,0.758,0.215,0.9978,positive
Prakash  Panangaden,0.053,0.68,0.268,0.9995,positive
R  McCoy,0.095,0.868,0.037,-0.8956,negative
C  Beals,0.027,0.732,0.241,0.9991,positive
L  Schibig,0.102,0.771,0.127,0.9828,positive
R  Skoglund,0.035,0.784,0.182,0.9568,positive
E  Alford,0.021,0.808,0.171,0.8452,positive
Frederick  Frank,0.032,0.695,0.273,0.9998,positive
N  Morris,0.069,0.776,0.155,0.9857,positive
H  Mann,0.032,0.7,0.268,0.9999,positive
R  Hackney,0.062,0.799,0.139,0.9977,positive
Duane  Castanier,0.035,0.686,0.279,0.9998,positive
L  Stephens,0.116,0.774,0.11,0.7047,positive
T.  Moore,0.028,0.765,0.207,0.9996,positive
A  Ruttenbur,0.05,0.753,0.197,0.9709,positive
J  Espey,0.029,0.741,0.23,0.9974,positive
B  Bratcher,0.036,0.704,0.259,0.9971,positive
M  Nunaley,0.0,0.775,0.225,0.4926,nuetral
Parris  Powers,0.074,0.677,0.25,0.9998,positive
J  Neilan,0.061,0.744,0.196,0.9995,positive
Kelvin  Jasek-Rysdahl,0.062,0.775,0.163,0.9986,positive
Jim  Curtis,0.074,0.665,0.261,0.9988,positive
D  Witt,0.167,0.333,0.5,0.6115,positive
V  Hunter,0.103,0.75,0.147,0.993,positive
B  Jobe Jr.,0.055,0.771,0.174,0.9987,positive
J  Gains,0.018,0.736,0.246,0.9903,positive
J  English,0.05,0.642,0.308,0.9663,positive
L  Assante,0.046,0.719,0.235,0.9995,positive
J  Scarbrough,0.068,0.772,0.161,0.9297,positive
D  Warner,0.049,0.733,0.218,0.9995,positive
S  Sparkman,0.05,0.736,0.215,0.9552,positive
H  Espravnik,0.099,0.787,0.113,0.3316,nuetral
D  Larsen,0.079,0.769,0.152,0.9936,positive
William  Skidmore,0.0,0.584,0.416,0.9655,positive
T  Cardona,0.0,0.721,0.279,0.9236,positive
S  Hargrove,0.0,0.735,0.265,0.9876,positive
J  Jenkins,0.13,0.827,0.043,-0.8746,negative
B  Blankenship,0.061,0.72,0.219,0.6908,positive
E  Lester,0.09,0.766,0.144,0.9935,positive
Wayne  Hawthorn,0.071,0.589,0.34,0.999,positive
D  Long,0.069,0.7,0.231,0.9947,positive
S  Seats Jr,0.064,0.726,0.21,0.9806,positive
K  McFadden,0.061,0.661,0.278,0.9682,positive
Vicente  Lombrana,0.019,0.694,0.287,0.9995,positive
J  Lowe,0.02,0.738,0.242,0.9855,positive
Todd  McDonald,0.031,0.697,0.272,0.9996,positive
Kathy  Butler,0.139,0.507,0.354,0.5256,positive
K  McLean,0.076,0.708,0.215,0.9949,positive
Nancy  Edwards,0.135,0.663,0.202,0.9946,positive
A  Osaitile,0.084,0.669,0.246,0.9997,positive
C  Malden,0.086,0.76,0.153,0.9867,positive
Roberta  Reynolds,0.053,0.761,0.186,0.9993,positive
Judy  Navas,0.099,0.713,0.188,0.9985,positive
B  Dennis,0.096,0.518,0.387,0.9261,positive
Bohdan  Oppenheim,0.14,0.671,0.189,0.9172,positive
Mei-ling  Wang,0.051,0.715,0.234,0.9974,positive
Ilya  Vinitskiy,0.0,0.641,0.359,0.9272,positive
Lawrence  Orihuela,0.036,0.654,0.309,0.9999,positive
Darwin  Davis,0.059,0.828,0.113,0.8834,positive
Gary  Toller,0.092,0.701,0.206,0.9968,positive
Julie  Geiger,0.044,0.838,0.118,0.9748,positive
Dinora  Cardoso,0.149,0.737,0.113,-0.976,negative
Frank  Tsui,0.101,0.736,0.163,0.9907,positive
Priscilla  Underwood,0.138,0.715,0.147,-0.7988,negative
Michele  Serra,0.073,0.654,0.273,0.9996,positive
Bob  Baugher,0.025,0.684,0.291,0.9998,positive
Carla  Steinberg,0.037,0.656,0.307,0.9997,positive
Wendy  Ho,0.076,0.724,0.199,0.9995,positive
Andy  Jones,0.047,0.706,0.247,0.9997,positive
Tom  Kemetzo,0.066,0.684,0.25,0.9884,positive
Carl  Jorgensen,0.145,0.786,0.07,-0.9956,negative
Mary  Donaghy,0.08,0.721,0.199,0.9991,positive
Carroll  Hale,0.022,0.676,0.302,0.9994,positive
Tyler  Spalding,0.09,0.703,0.207,0.9829,positive
Jim  Mulrooney,0.048,0.717,0.235,0.9991,positive
Dave  Kowalka,0.02,0.664,0.316,0.9996,positive
Antonio  Rodriguez,0.142,0.81,0.047,-0.8029,negative
Gerald  O\'Connell,0.073,0.563,0.364,0.952,positive
Ramona  Girdauskas,0.038,0.702,0.26,0.9996,positive
Kenneth  Hicks,0.146,0.719,0.135,-0.8936,negative
Cindy  Herbert,0.025,0.676,0.299,0.9999,positive
Mark  Bryan,0.059,0.701,0.241,0.9942,positive
Daniel  Fonseca,0.063,0.754,0.183,0.9975,positive
Bill  Babula,0.037,0.645,0.318,0.9996,positive
Charlie  Sweet,0.166,0.639,0.195,0.8743,positive
Hal  Blythe,0.029,0.64,0.332,0.9996,positive
Dr. William  Neugebauer,0.07,0.722,0.208,0.972,positive
John  Curra,0.101,0.707,0.192,0.9988,positive
Charles  O\'Brien,0.053,0.708,0.239,0.9997,positive
Tracy  Chapple,0.057,0.82,0.123,0.9841,positive
Kelli  Carmean,0.068,0.694,0.238,0.9997,positive
Courtney  Fairweather,0.051,0.735,0.215,0.9983,positive
Mortez  Aabdollah,0.071,0.767,0.162,0.9975,positive
Michael  Suetta,0.045,0.633,0.322,0.9996,positive
Martin  Bakker,0.143,0.756,0.101,-0.994,negative
Daphne  Huntley,0.038,0.663,0.299,0.9993,positive
Ronald  Robel,0.048,0.673,0.279,0.9956,positive
Brennda  Young,0.034,0.693,0.272,0.9997,positive
Lynn  Zeigler,0.048,0.676,0.276,0.9998,positive
Pat  Zrolka,0.049,0.652,0.299,0.9999,positive
Shelly  Hancock,0.041,0.668,0.291,0.9997,positive
Raines  Carter,0.038,0.704,0.258,0.9995,positive
Fredoline O  Annunobi,0.051,0.769,0.181,0.9936,positive
Beryl  Kalisa,0.11,0.73,0.159,0.9964,positive
Gale L.  Jones-Hardimon,0.013,0.672,0.315,0.9956,positive
Ed  Bosworth,0.118,0.743,0.139,0.9828,positive
F.S.J.  Ledgister,0.079,0.747,0.174,0.9667,positive
Lana  Carnes,0.099,0.741,0.16,0.9963,positive
Hashim  Gibrill,0.0,0.658,0.342,0.9829,positive
Abi  Awomolo,0.09,0.703,0.208,0.976,positive
Beth  Todd,0.03,0.68,0.29,0.9996,positive
Michael  Devine,0.08,0.615,0.305,0.998,positive
Elizabeth  Salter,0.067,0.767,0.166,0.9992,positive
John  Baker,0.02,0.737,0.244,0.9996,positive
Clark  Midkiff,0.087,0.718,0.195,0.999,positive
Keith  Williams,0.074,0.719,0.206,0.9928,positive
Joey  Parker,0.078,0.691,0.232,0.9952,positive
Anwarul  Haque,0.075,0.719,0.206,0.9986,positive
Muhammad  Sharif,0.087,0.725,0.188,0.9992,positive
Mary  McHugh,0.022,0.651,0.326,0.9994,positive
Jon  McFarland,0.082,0.736,0.182,0.9736,positive
Thomas  Hu,0.064,0.724,0.212,0.9996,positive
Marc  Stern,0.101,0.747,0.152,0.9967,positive
Catherine  Welch,0.236,0.68,0.084,-0.9666,negative
Paul  Pecorino,0.108,0.733,0.16,0.9962,positive
Sandra  Hampel,0.058,0.581,0.361,0.999,positive
Doyoung  Lee,0.111,0.795,0.094,-0.9359,negative
Neil  Heywood,0.03,0.726,0.244,0.9998,positive
John  Beneski,0.102,0.768,0.13,0.9932,positive
Tim  Grover,0.043,0.633,0.323,0.9989,positive
Trish  Root,0.031,0.605,0.364,0.9998,positive
Thomas  Monarque,0.017,0.727,0.256,0.9984,positive
Frederick  Phelps,0.11,0.792,0.098,-0.9791,negative
Rick  Olguin,0.072,0.711,0.217,0.9996,positive
Brett  Tjaden,0.036,0.755,0.209,0.9987,positive
Charles  Dirks,0.0,0.793,0.207,0.9771,positive
Sue  Parker,0.037,0.75,0.212,0.9923,positive
Sonia  Werner,0.047,0.678,0.275,0.9914,positive
Thane  Glenn,0.023,0.699,0.278,0.9735,positive
Wendy  Closterman,0.061,0.8,0.139,0.2617,nuetral
Linda  Dessner,0.186,0.791,0.023,-0.9756,negative
Suzanne  Bernhardt,0.078,0.775,0.147,0.9781,positive
A J  Senchack,0.102,0.789,0.109,0.7617,positive
Vickie  Lair,0.16,0.756,0.085,-0.9976,negative
Judy  Adams,0.119,0.804,0.077,-0.9883,negative
John  Russell,0.089,0.751,0.16,0.8972,positive
Brian  Rose,0.028,0.698,0.274,0.9999,positive
R.  Donahoe,0.097,0.713,0.19,0.9985,positive
Kevin  Hanson,0.052,0.762,0.186,0.9893,positive
Jesse  Delgado,0.012,0.633,0.355,0.9984,positive
John  Constantino,0.05,0.696,0.254,0.9994,positive
Daniel  Talham,0.063,0.698,0.239,0.9998,positive
Jennifer  Krozier,0.006,0.762,0.232,0.9961,positive
Ruthie  Dare-Halma,0.118,0.765,0.116,0.3165,nuetral
Tanya  Usyk,0.102,0.756,0.142,0.9824,positive
Lena  Usyk,0.071,0.803,0.126,0.9138,positive
Allan R  Baer,0.084,0.637,0.279,0.9995,positive
J.  Weathers,0.524,0.476,0.0,-0.296,nuetral
John  Baer,0.1,0.672,0.228,0.9992,positive
Pamela  Cumpton,0.003,0.566,0.431,0.9997,positive
Charlene  Dalrymple,0.0,0.63,0.37,0.9964,positive
Tom  Harris,0.052,0.753,0.195,0.9808,positive
Doug  Zentz,0.129,0.72,0.151,0.9761,positive
Mary  Curtner Smith,0.07,0.805,0.125,0.9972,positive
Scott  Hancock,0.06,0.623,0.317,0.9987,positive
Raymond  Wolf,0.035,0.715,0.25,0.9998,positive
Tom  Barker,0.044,0.624,0.332,0.9995,positive
Chuck  Fields,0.093,0.745,0.161,0.9959,positive
Derek  Paulsen,0.083,0.687,0.23,0.9965,positive
Glenda  Williams,0.018,0.622,0.361,0.9997,positive
Danny  Welsch,0.031,0.691,0.278,0.9986,positive
Anne  Ramirez,0.131,0.798,0.071,-0.9732,negative
Robert  Rafalko,0.044,0.746,0.209,0.9948,positive
Kazim  Ruhi,0.099,0.728,0.173,0.995,positive
Michael D  Kawaja,0.0,0.734,0.266,0.9352,positive
Barbara  Kimmelman,0.136,0.741,0.123,-0.9406,negative
John  Arbegust,0.0,0.539,0.461,0.9536,positive
Michael  Martone,0.008,0.777,0.215,0.9963,positive
Leah  Hutchison,0.037,0.684,0.279,0.9997,positive
B.R.  Smith,0.163,0.744,0.093,-0.9964,negative
Eugene  Cuevas,0.07,0.725,0.205,0.9995,positive
Susan  Sailors,0.017,0.775,0.208,0.9989,positive
Mike  Morucci,0.143,0.668,0.189,0.3717,nuetral
Linda  Bobo,0.042,0.591,0.367,0.9919,positive
Vo  Liem,0.039,0.754,0.206,0.9995,positive
James  Nesta,0.16,0.661,0.18,0.2928,nuetral
Susan  Cole,0.0,1.0,0.0,0.0,nuetral
P  Nicoletto,0.07,0.686,0.244,0.9998,positive
Betty  Given,0.057,0.747,0.196,0.9912,positive
Bob  Fey,0.132,0.684,0.184,0.9878,positive
Nathan  Greene,0.101,0.747,0.152,0.8196,positive
Chris  Gould,0.044,0.695,0.261,0.9954,positive
Tom  Albright,0.095,0.777,0.128,0.8798,positive
Susan  Lindahl,0.024,0.723,0.254,0.9999,positive
Melbourne  Hovell,0.049,0.729,0.222,0.9786,positive
John  Alcaraz,0.135,0.726,0.139,0.667,positive
Jenny  Quintana,0.041,0.654,0.305,0.9926,positive
C  Jochim,0.024,0.663,0.313,0.9994,positive
Daniel  Rodeheaver,0.14,0.763,0.096,-0.9913,negative
Susan  Keehn,0.023,0.711,0.266,0.9989,positive
Jerry  Scripps,0.071,0.744,0.185,0.9992,positive
Richard  Gendron,0.026,0.717,0.257,0.9995,positive
William  Smith,0.042,0.822,0.137,0.9517,positive
Laura  Orella,0.15,0.724,0.126,-0.9786,negative
Wayne  Erickson,0.054,0.664,0.282,0.9998,positive
Audrey  Cohen,0.167,0.748,0.084,-0.9079,negative
Stafford  Rorke,0.043,0.705,0.252,0.9995,positive
Sophie  Weeks,0.041,0.642,0.317,0.9984,positive
Leon  Stokesbury,0.135,0.739,0.126,-0.6789,negative
Shele  Bannon,0.023,0.735,0.242,0.9691,positive
John  Westwater,0.119,0.811,0.07,-0.8584,negative
Mary Ann  Nichols,0.104,0.688,0.208,0.9993,positive
Lisa  Mach,0.012,0.651,0.337,0.9993,positive
Francis  Catalano,0.044,0.721,0.235,0.9997,positive
Steven  Jones,0.029,0.717,0.254,0.9997,positive
McClain,0.115,0.778,0.107,0.4151,nuetral
Chris  Boucher,0.082,0.676,0.243,0.9996,positive
Peter  Foreman,0.055,0.777,0.168,0.9992,positive
Karen  Debalbian,0.169,0.691,0.14,-0.9446,negative
Jay  Ko,0.072,0.728,0.2,0.9987,positive
Brandy  Zito,0.084,0.768,0.147,0.9783,positive
Philippe  Bossaers,0.089,0.717,0.194,0.9988,positive
Dave  Heggem,0.067,0.655,0.277,0.998,positive
Jeff  Bernhardt,0.143,0.745,0.112,-0.2565,nuetral
Thomas  Schnarre,0.076,0.732,0.192,0.999,positive
J.W.  Morrissette,0.109,0.594,0.297,0.9533,positive
Asif  Zaidi,0.127,0.764,0.108,-0.6574,negative
Pat  Sawyer,0.024,0.694,0.281,0.9997,positive
Freda  Decerbo,0.08,0.699,0.221,0.9971,positive
Julie  Weishar,0.087,0.778,0.134,0.9654,positive
Richard  Fern,0.124,0.782,0.094,-0.9285,negative
Hugh  Afshari,0.059,0.639,0.302,0.9997,positive
G. Creighton  Frampton,0.029,0.793,0.178,0.999,positive
Patrick Martin  Petkovich,0.044,0.696,0.26,0.9971,positive
John  Ferguson,0.031,0.716,0.254,0.9988,positive
Suzanne  Gessner,0.046,0.634,0.32,0.9988,positive
Bill  Peterson,0.011,0.681,0.309,0.9994,positive
Paulo  Horta,0.13,0.696,0.174,0.9913,positive
Jamie  Mills,0.146,0.764,0.089,-0.9908,negative
Tim  Inman,0.062,0.714,0.224,0.9982,positive
Ryan  Meany,0.092,0.706,0.202,0.9993,positive
Michael  Chaney,0.019,0.721,0.26,0.9991,positive
Jeffrey  Gutliph,0.053,0.719,0.228,0.9997,positive
James  Daybell,0.034,0.692,0.274,0.999,positive
Bill  O\'Neill,0.048,0.753,0.199,0.9922,positive
Paul  Haynie,0.054,0.667,0.279,0.9997,positive
Kayla  Haynie,0.064,0.608,0.328,0.9998,positive
Elizabeth  Bloch-Smith,0.066,0.714,0.22,0.9993,positive
Roger  Magyar,0.089,0.856,0.055,-0.4296,nuetral
Theodore  Venema,0.066,0.659,0.275,0.9863,positive
Karthik  Silaipillayarputhur,0.016,0.671,0.314,0.9991,positive
Bryan  Fair,0.023,0.76,0.218,0.997,positive
Eric  Rawdon,0.042,0.722,0.236,0.9989,positive
Kevin  Rahimzadeh,0.042,0.662,0.296,0.9999,positive
Francis  Chan,0.0,0.438,0.562,0.8399,positive
Monica  Reimer,0.115,0.777,0.108,-0.4102,nuetral
William  Masten,0.077,0.771,0.152,0.9974,positive
Adele  Mueller,0.078,0.743,0.179,0.999,positive
Mary  Talbert,0.0,0.664,0.336,0.9987,positive
Mary  Phillips,0.045,0.667,0.288,0.9999,positive
Mike  Dinneen,0.046,0.723,0.231,0.9997,positive
Jeremy  Rosenau,0.109,0.744,0.147,0.9719,positive
Marvin  Payne,0.116,0.762,0.122,-0.378,nuetral
D.S.  Cody,0.067,0.789,0.144,0.9893,positive
Teddie  Bonca,0.043,0.676,0.28,0.9996,positive
Scott  Churchill,0.037,0.822,0.14,0.9867,positive
Sherry  Rodgers,0.04,0.671,0.289,0.953,positive
Vickie  Sanchez,0.059,0.743,0.197,0.9953,positive
Vladimir  Tulovsky,0.089,0.764,0.147,0.9947,positive
Karen  Camarata,0.038,0.749,0.213,0.9894,positive
Jerry  Colasurdo,0.064,0.7,0.237,0.9994,positive
Derick  Holcomb,0.036,0.712,0.251,0.9998,positive
Michael  Ballard,0.058,0.66,0.282,0.9987,positive
Wm. David  Sloan,0.06,0.718,0.221,0.9881,positive
Kec  Keller,0.132,0.7,0.169,-0.5451,negative
Larry  Cox,0.121,0.758,0.121,-0.024,nuetral
Peter  Geib,0.021,0.671,0.308,0.9992,positive
Michelle  Burnham,0.066,0.712,0.222,0.998,positive
Chris  Hoyt,0.049,0.734,0.217,0.9995,positive
Howard  Shorr,0.073,0.774,0.153,0.9753,positive
Greg  Heberling,0.049,0.726,0.225,0.9962,positive
Andrew  Preston,0.021,0.632,0.347,0.9997,positive
Philip  Harsha,0.111,0.726,0.163,0.786,positive
John  Handy,0.051,0.718,0.231,0.9924,positive
Gretchan  Van Lente,0.0,0.813,0.187,0.9345,positive
Duane  Griffin,0.113,0.715,0.172,0.9973,positive
J  Rogers,0.054,0.698,0.248,0.9997,positive
Richard  Bodek,0.049,0.669,0.282,0.9998,positive
Craig  Wedderspoon,0.069,0.691,0.24,0.9976,positive
Sally Jayne  Gilpin,0.114,0.754,0.132,0.4632,nuetral
Jeremy  Van Antwerp,0.093,0.71,0.197,0.9978,positive
Emily  Blanck,0.082,0.708,0.21,0.9994,positive
Philip  Rothschild,0.056,0.79,0.154,0.9988,positive
Ligon,0.091,0.789,0.119,0.8453,positive
Marlene  Tromp,0.036,0.694,0.27,0.9995,positive
Rebecca  Comay,0.119,0.713,0.168,0.994,positive
Andy  Katz,0.037,0.651,0.313,0.9997,positive
Timothy L  Brown,0.125,0.751,0.124,-0.7427,negative
Dmitri  Kitsikis,0.139,0.752,0.109,-0.9041,negative
Cronin  Justin,0.04,0.577,0.384,0.9746,positive
Jerome  Taylor,0.136,0.751,0.113,-0.9599,negative
Laurie  Iten,0.129,0.775,0.096,-0.9883,negative
Paul  Frishkoff,0.146,0.734,0.12,-0.6792,negative
Dan  McCarthy,0.08,0.742,0.179,0.9981,positive
Andrew  Irvine,0.019,0.655,0.326,0.9998,positive
Michael  Besney,0.05,0.664,0.286,0.9997,positive
Nora Jean  Paradis,0.153,0.732,0.114,-0.9314,negative
Shane  Bell,0.125,0.685,0.19,0.9974,positive
Dwayne  Rurka,0.079,0.699,0.223,0.9984,positive
Jeffrey  Salloway,0.066,0.695,0.24,0.9994,positive
S.  Geller,0.06,0.696,0.244,0.9973,positive
Angela  O\'Mahony,0.051,0.675,0.274,0.9993,positive
Doug  MacIntyre,0.073,0.742,0.186,0.992,positive
Andrzej  Czajkowski,0.116,0.681,0.203,0.9992,positive
Greg  Osland,0.082,0.725,0.192,0.9963,positive
Draga  Vidakovic,0.067,0.843,0.09,0.6297,positive
Michael  Rooney,0.071,0.764,0.166,0.9991,positive
Anthony  Safaeian,0.083,0.661,0.256,0.9839,positive
Middleton,0.079,0.728,0.193,0.9727,positive
Jan  Bittenbender,0.058,0.8,0.143,0.9615,positive
Charles  Okeke,0.057,0.669,0.274,0.9741,positive
Ralph  Korner,0.066,0.713,0.22,0.8827,positive
Donald  Russell,0.08,0.667,0.253,0.9832,positive
Brian  Gold,0.156,0.768,0.076,-0.9349,negative
Wendy  Untereiner,0.084,0.635,0.281,0.9971,positive
George  Hardy,0.146,0.658,0.195,0.7912,positive
Roger  Edwards,0.095,0.789,0.116,0.7769,positive
Luoheng  Han,0.139,0.706,0.155,0.8211,positive
Trent  Snider,0.031,0.62,0.349,0.9999,positive
Allen  Crocket,0.074,0.776,0.15,0.9842,positive
Chris  Taylor,0.044,0.708,0.248,0.9985,positive
Ernie  Rice,0.147,0.738,0.115,-0.9258,negative
Paul  Weiss,0.127,0.736,0.137,0.919,positive
Carl  Shangraw,0.092,0.708,0.2,0.9984,positive
Nukte  Edguer,0.135,0.712,0.153,0.9826,positive
Ron  Weed,0.0,0.604,0.396,0.9298,positive
Bingwu  Wang,0.038,0.71,0.252,0.9997,positive
Melanie  Toutant,0.102,0.728,0.169,0.3346,nuetral
Heibatollah  Sami,0.161,0.764,0.075,-0.9925,negative
Y. Peter  Chung,0.116,0.715,0.169,0.9969,positive
Dale  Michaels,0.013,0.679,0.308,0.9995,positive
Todd  McGowan,0.067,0.699,0.235,0.9994,positive
Barbara  Gfellner,0.158,0.727,0.115,-0.9804,negative
Nyenty  Arrey,0.148,0.696,0.156,0.9632,positive
Fields  Larry,0.137,0.688,0.176,0.7164,positive
Shannon  Gadbois,0.013,0.708,0.279,0.9998,positive
David  Paciocco,0.045,0.744,0.211,0.9976,positive
Deb  Dunbar,0.076,0.639,0.286,0.9977,positive
Scott  Borders,0.031,0.634,0.335,0.9994,positive
Anabelle  Cohen,0.139,0.778,0.084,-0.9615,negative
Marguerite  Jackson-Jones,0.056,0.712,0.232,0.9994,positive
Ken  Daniels,0.068,0.745,0.187,0.9778,positive
Greg  Stapleton,0.058,0.596,0.346,0.9726,positive
Richie  Scherb,0.151,0.725,0.124,-0.988,negative
Nancy  Estrada,0.039,0.639,0.322,0.9995,positive
Richard  Shockey,0.0,0.672,0.328,0.7482,positive
